scope = "Working overlay for Renger 2026 Fig. 2(e)(f) retune"
notes = "Autogenerated from renger2026-figure2-ef-retune.ipynb."
source_snapshot = "output/renger2026/paper_local_priors.toml"

[devices.TC2]
anharmonicity_ghz = -0.1102294988976702
EC = 0.105
EJmax = 32.0
flux = 0.02
asymmetry = 0.04
f01_ghz = 5.072236720023145

[devices.TC1]
anharmonicity_ghz = -0.10986133963743328
EC = 0.105
EJmax = 35.75
flux = 0.04
asymmetry = 0.14
f01_ghz = 5.351623975250433

[targets]
fig2_cz_t_gate_ns = 120.0
beta_qc_qb2 = 0.03
beta_cr = 0.026000000000000002
beta_qc_qb1 = 0.023
fig2_move_t_gate_ns = 80.0
cr_f01_ghz = 4.22
